0.14	27400.0
0.15	26693.405545035508
0.15099025265317167	26631.72825958802
0.15198704264179075	26636.2059341402
0.1529904131232824	26379.41569908971
0.1540004075399835	26402.373395438022
0.15501706962102343	26073.756275580952
0.1560404433842175	26069.92116228683
0.15707057313797287	25886.39853570811
0.1581075034832067	25818.210574994857
0.15915127931527734	25573.459630702142
0.16020194582592812	25460.52170910652
0.16125954850524404	25344.30749844119
0.1623241331436213	25237.47633630349
0.16339574583374966	25115.89534331687
0.16447443297260858	25021.71797959778
0.16556024126347546	24819.59324779282
0.16665321771794814	24729.115239295905
0.16775340965798008	24641.203995575735
0.16886086471792947	24454.237104641616
0.16997563084662143	24326.087435238456
0.1710977563094241	24262.895690361613
0.17222728969033824	24049.62108709252
0.17336427989410105	24066.486306237046
0.17450877614830326	23816.295172906946
0.17566082800552058	23669.0
0.17682048534545924	23638.693148797178
0.17798779837711554	23465.4364817188
0.1791628176409497	23373.911787831934
0.18034559401107408	23244.0
0.181536178697456	23127.882074435543
0.18273462324813472	23063.214375549727
0.18394097955145328	22925.118302329676
0.18515529983830545	22820.0
0.18637763668439664	22702.445794771458
0.1876080430125206	22545.0
0.1888465720948505	22437.54768279015
0.19009327755524585	22304.604402680594
0.19134821337157376	22219.116424212305
0.19261143387804616	22129.277871068713
0.19388299376757237	21964.921094563568
0.19516294809412707	21842.05636603235
0.19645135227513386	21736.191515927785
0.19774826209386462	21613.360672402105
0.19905373370185483	21479.221441417507
0.20036782362133476	21385.56371740151
0.2016905887476765	21271.278244370467
0.20302208635185742	21204.73284414435
0.20436237408293995	21136.435234075645
0.20571150997056722	20994.94316763074
0.20706955242747596	20882.938456825246
0.2084365602520251	20819.04216624063
0.2098125926307421	20717.0
0.2111977091408849	20610.512196443095
0.21259196975302178	20535.644347438898
0.21399543483362793	20418.0
0.21540816514769878	20334.796910445995
0.21683022186138115	20199.953530532777
0.2182616665446214	20108.7719240373
0.21970256117383122	19994.25133920145
0.22115296813457122	19889.546031513117
0.2226129502242515	19811.084902591727
0.2240825706548511	19663.85104934529
0.2255618930556544	19572.732477493704
0.22705098147600636	19523.660052280098
0.22854990038808534	19347.935816436995
0.23005871468969477	19296.70061363483
0.23157748970707304	19207.976714115524
0.23310629119772147	19098.05132935861
0.23464518535325177	19006.14608113346
0.2361942388022519	18957.153750102516
0.23775351861317054	18843.302272377307
0.23932309229722118	18729.021174303103
0.24090302781130493	18693.235102113587
0.24249339356095317	18540.0
0.24409425840328877	18469.752884887468
0.24570569165000758	18321.766772698113
0.2473277630703796	18272.288304344067
0.24896054289426933	18197.98913524614
0.2506041018151767	18039.194285252514
0.252258510993298	17975.56228413406
0.25392384205860624	17877.452536808225
0.25560016711395345	17835.216483503646
0.25728755873819154	17714.276351180826
0.2589860899893152	17633.522766729693
0.2606958344076251	17589.41952545485
0.26241686601891145	17458.69758213485
0.26414925933765965	17410.040907445
0.2658930893702759	17269.1975453815
0.26764843161833546	17221.30281721882
0.2694153620818507	17116.0
0.27119395726256246	17041.758604277562
0.2729842941672516	16941.33194929456
0.27478645031107374	16843.72648100722
0.2766005037209149	16790.545024189225
0.27842653293876996	16744.481270167795
0.28026461702514327	16656.27673413951
0.2821148355624719	16582.847084897978
0.2839772686585707	16490.700152894067
0.28585199695010133	16415.33057427544
0.2877391016060631	16377.508862980461
0.28963866433130736	16268.982066869754
0.2915507673700752	16215.279227858691
0.29347549350955815	16087.59060560325
0.2954129260834829	16067.749440850903
0.2973631489757187	15973.023611964438
0.29932624662390994	15902.159935836275
0.30130230402313163	15805.866371062457
0.3032914067295692	15718.933324435224
0.30529364086422345	15723.403640342029
0.3073090931166383	15630.000357167484
0.30933785074865516	15581.995510451052
0.3113800015981903	15487.97736351996
0.3134356340830384	15405.24534855555
0.31550483720470024	15358.628793234124
0.31758770055223656	15313.979192847022
0.31968431430614686	15203.486204507151
0.32179476924227374	15159.377014484471
0.3239191567357332	15120.28079605903
0.32605756876487113	15012.92313868624
0.32821009791524525	14937.986578988834
0.33037683738363394	14856.076643780552
0.33255788098207134	14816.941132441989
0.334753323141909	14716.296043516386
0.3369632589179044	14636.073984456962
0.33918778399233657	14586.143864993834
0.3414269946791488	14501.824238361052
0.34368098792811846	14455.132693465193
0.34594986132905503	14344.378403500963
0.3482337131160248	14243.59204333717
0.35053264217160457	14236.0
0.3528467480311626	14151.072993289454
0.3551761308871683	14076.386856117177
0.3575208915935301	13986.0
0.35988113166996205	13933.321844665532
0.3622569533063794	13888.665403770554
0.36464845936732293	13846.501480831175
0.36705575339641267	13773.681529118216
0.3694789396208308	13714.147290723937
0.3719181229558347	13641.02553327079
0.37437340900929894	13585.606186096114
0.3768449040862881	13527.652678070372
0.3793327151936593	13469.638509340912
0.38183695004469487	13400.861549715266
0.3843577170637665	13364.983937105868
0.3868951253910291	13321.24276266943
0.3894492848871468	13220.252558680537
0.39202030613804884	13157.36141770971
0.394608300459718	13064.185463275322
0.39721337990301	13075.513568119788
0.399835657258505	12962.0
0.4024752460613908	12894.791157920912
0.40513226059637886	12853.182248055055
0.4078068159026522	12762.103514993933
0.4104990277788461	12773.010912346344
0.4132090127880621	12670.763908179417
0.41593688826291425	12637.0
0.41868277231060974	12580.176300164876
0.42144678381806205	12539.83359680599
0.4242290424570388	12463.90512137785
0.4270296686893425	12410.600764359106
0.42984878377202673	12380.676799039526
0.4326865097626459	12312.0
0.4355429695245395	12236.432839034878
0.4384182867321525	12203.311243351947
0.4413125858763891	12111.64044083833
0.4442259922700034	12054.74832615729
0.44715863205302464	12012.83385948177
0.45011063219821884	11956.9805853412
0.4530821205165859	11924.881778910703
0.45607322566289393	11875.597871953763
0.4590840771412488	11842.943673169675
0.4621148053107021	11784.0
0.46516554139089433	11741.75105160595
0.46823641746773675	11691.936523116628
0.47132756649913027	11629.649119605692
0.47443912232072166	11569.40667672783
0.4775712196516986	11528.52708989641
0.4807239941006221	11489.673747099268
0.4838975821712982	11474.76662083462
0.4870921212686881	11373.377860685801
0.4903077497048571	11333.437339673337
0.49354460670496286	11251.679277751968
0.4968028324132838	11254.429821662583
0.5000825678992868	11199.349450558555
0.5033839551637347	11137.40650781031
0.5067071371448342	11115.517240937086
0.5100522577244255	11084.0
0.513419461734211	11060.488829646465
0.5168088949620262	11006.275129017638
0.5202207041581519	10991.92385408559
0.5236550370416682	10984.0
0.5271120423068497	10932.526023398788
0.5305918696296037	10917.615462773763
0.5340946696739505	10858.44386206179
0.537620594098547	10850.205422205549
0.5411697955632525	10828.388608795818
0.5447424277357383	10802.972414920952
0.5483386452981416	10771.658479638303
0.551958603953762	10700.923317701472
0.5556024604338029	10693.206475651605
0.559270372504158	10656.690287504984
0.5629624989722418	10659.528064821694
0.5666789996938646	10610.0
0.5704200355801546	10618.59392594091
0.5741857686045249	10567.386337787782
0.5779763618096851	10510.963400610777
0.5817919793147022	10480.070075821483
0.5856327863221046	10460.0
0.5894989491250365	10411.501923388285
0.5933906351144564	10365.71780817628
0.5973080127863852	10360.0
0.6012512517492012	10310.0
0.6052205227309841	10266.235609104504
0.6092159975869063	10179.974077489083
0.6132378493066732	10145.736577182299
0.6172862520220147	10104.0
0.6213613810142228	10061.698289180938
0.6254634127217411	10025.19972264224
0.6295925247478044	9983.65950895847
0.6337488958681282	9944.147512726548
0.6379327060386485	9906.060984388529
0.6421441364033135	9862.65021987985
0.6463833693019269	9819.05339107924
0.650650588278042	9778.781728981763
0.654945978086909	9734.564120792302
0.6592697247034733	9691.143964783412
0.6636220153304292	9644.329766594492
0.6680030384063232	9605.683130589918
0.6724129836137139	9556.761396142057
0.6768520418873842	9510.49657894977
0.6813204054226085	9465.324669436557
0.6858182676834735	9418.58106653325
0.6903458234112546	9366.072812900878
0.6949032686328477	9321.076355239979
0.6994908006692566	9266.982031252173
0.7041086181441361	9221.791014154185
0.7087569209923911	9168.1
0.7134359104688345	9116.290279590918
0.7181457891568992	9062.688396153564
0.7228867609774104	9010.598354022006
0.727659031197414	8966.907240216913
0.7324628064390646	8902.351948054868
0.7372982946885703	8859.262783346276
0.7421657053051991	8818.85810715209
0.7470652490303422	8783.135435086822
0.7519971379966399	8740.815610476384
0.7569615857371645	8700.575470954735
0.7619588071946661	8663.657406082835
0.7669890187308798	8618.770903649784
0.7720524381358917	8591.151746569092
0.7771492846375699	8567.404138781802
0.7822797789110553	8545.661560454704
0.7874441430883168	8520.049187829485
0.7926426007677682	8491.352747538684
0.7978753770239494	8463.979449020819
0.8031426984172714	8440.542368715032
0.8084447930038258	8413.785064876995
0.8137818903452583	8385.128703352555
0.8191542215187078	8360.855013356508
0.8245620191268123	8330.92694843265
0.8300055173077785	8303.94858077169
0.8354849517455195	8274.07690001255
0.8410005596798594	8252.494152106232
0.8465525799168051	8218.865870474643
0.8521412528388848	8194.94378629364
0.8577668204155564	8161.551697210542
0.8634295262136837	8132.796450506374
0.8691296154080829	8104.15220902544
0.8748673347921357	8071.443473870112
0.8806429327884766	8040.3216293397745
0.8864566594597477	8007.304687469776
0.8923087665194259	7977.593877905583
0.8981995073427206	7945.890071786883
0.9041291369775446	7916.180074004648
0.9100979121555568	7881.867608000655
0.9161060913032771	7848.641550860683
0.9221539345532759	7818.317994875308
0.9282417037554361	7781.379686833519
0.9343696624882923	7741.887272497999
0.94053807607044	7714.33391621948
0.9467472115720248	7677.195242695352
0.9529973378263054	7643.979614204215
0.9592887254412923	7608.769382484162
0.9656216468114651	7574.979342829079
0.9719963761295652	7542.658007076934
0.978413189398469	7512.03519822395
0.9848723644431358	7480.379808663269
0.9913741809226376	7446.502080663221
0.9979189203422676	7411.309458280107
1.0045068660657286	7380.364390640517
1.0111383033274004	7372.002289602307
1.0178135192446898	7368.085259348217
1.0245328028304637	7364.524715697834
1.0312964450055588	7360.940666462142
1.0381047386113806	7356.171057984713
1.0449579784225804	7349.663361672209
1.0518564611598198	7344.16361706598
1.058800485502615	7336.95853878413
1.0657903521022711	7331.825589577473
1.0728263635948978	7326.658754260346
1.0799088246145137	7321.457809127342
1.087038041806234	7315.023518930862
1.094214323839548	7309.489636209376
1.1014379814216853	7305.79713664611
1.1087093273110644	7296.919637703742
1.1160286763308376	7287.9835323155
1.1233963453825193	7285.8684795296085
1.1308126534597087	7279.8321585043
1.1382779216618992	7273.755987592922
1.1457924732083822	7269.763055106194
1.1533566334522403	7264.030215946978
1.1609707298944352	7256.800025897155
1.168635092197986	7251.996944095345
1.176350052202243	7244.628872808107
1.1841159439372557	7237.893082784507
1.1919331036382341	7232.83784378447
1.199801869760107	7226.4
1.2077225829921752	7223.38428243735
1.2156955862728642	7216.658259368878
1.2237212248045695	7209.887833219148
1.2317998460686042	7203.663343301356
1.2399317998402435	7195.568414309326
1.2481174382038684	7189.983086333359
1.2563571155682098	7183.79369640869
1.2646511886816931	7176.63380350804
1.273000016647885	7170.142444987955
1.2814039609410393	7159.1260626423855
1.2898633854217498	7153.770798330678
1.298378656352702	7148.518559355971
1.3069501424145336	7143.197724029473
1.3155782147217943	7135.332404716058
1.3242632468390148	7125.4259910068495
1.333005614796882	7118.059479400342
1.3418056971085177	7111.265302359462
1.3506638747858684	7105.040759618454
1.3595805313562002	7098.747768549852
1.3685560528787073	7092.408368203286
1.3775908279612226	7086.021610430692
1.3866852477770464	7078.094206118477
1.395839706081881	7071.963327792083
1.4050545992308807	7063.162764805711
1.4143303261958104	7054.616547059758
1.4236672885823205	7048.1614471679595
1.4330658906473364	7039.39701646079
1.4425265393165587	7028.42299099082
1.452049644202084	7022.463258717449
1.4616356176201377	7013.513902264867
1.4712848746089282	7004.937406373738
1.4809978329466138	6994.176975332783
1.4907749131693933	6992.832774944828
1.5006165385897112	6985.373500108727
1.5105231353145898	6975.51777025453
1.520495132264073	6965.301782522887
1.5305329611898004	6961.404837486962
1.5406370566936998	6947.68244704867
1.5508078562468026	6944.17831101171
1.5610458002081886	6934.364686635726
1.5713513318440464	6923.273306926288
1.5817248973468692	6915.963142188735
1.592166945854772	6906.144921046876
1.6026779294709383	6896.163906022885
1.6132583032831938	6888.986148129901
1.6239085253837098	6879.852975493739
1.634629056888838	6871.116719795935
1.645420361959076	6860.307193046149
1.6562829078191603	6849.300611287766
1.6672171647782992	6844.67876821561
1.6782236062505331	6834.530572485201
1.6893027087752326	6825.917644508216
1.7004549520377312	6817.632475071962
1.7116808188900923	6804.954426794483
1.7229807953720189	6796.267193001039
1.7343553707318922	6782.562850467011
1.7458050374479575	6776.549357845698
1.7573302912496465	6762.129658939792
1.7689316311390393	6754.733084365119
1.780609559412471	6746.47155968142
1.792364581682277	6735.652531159375
1.8041972068986891	6729.19116002768
1.8161079473718649	6721.654688675001
1.8280973187940726	6703.195515389146
1.8401658402620185	6693.698658473408
1.8523140342993207	6687.161612580753
1.8645424268791344	6675.905471671236
1.8768515474469227	6663.114246737269
1.8892419289433795	6652.353377865596
1.9017141078275086	6640.645448686848
1.9142686240998434	6628.344060405025
1.9269060213258313	6618.9743551875345
1.9396268466593671	6607.304106560464
1.9524316508664836	6594.538630519322
1.9653209883491962	6582.560137249008
1.978295417169507	6574.5963460478115
1.9913554990735702	6560.231818248598
2.004501799516008	6548.614782006069
2.0177348876843952	6540.268617436794
2.0310553365239055	6523.92822455083
2.044463722762114	6516.464975544565
2.0579606269339705	6500.091179820574
2.071546633406931	6487.353663901426
2.085222330406265	6474.948841546407
2.098988310040516	6458.277721220256
2.112845168327142	6452.819532082661
2.1267935052183216	6439.861715100553
2.1408339246269263	6429.8767353635385
2.1549670344526715	6414.9929739846875
2.1691934466084324	6398.811798069793
2.183513777046743	6385.220317480666
2.1979286457864595	6376.474923204152
2.2124386769396067	6363.875468026034
2.2270444987384006	6348.092004318242
2.241746743562448	6337.666213766703
2.256546047966126	6321.088320624647
2.2714430527061427	6306.563879611278
2.2864384027692792	6292.849177656332
2.3015327474003184	6278.267306640829
2.3167267401301497	6261.615825480166
2.332021038804067	6249.508354684411
2.3474163056102535	6237.83967072681
2.3629132071084467	6218.183385418889
2.378512414258804	6205.612249055547
2.3942146024509463	6187.612904413913
2.4100204515332093	6178.483884960532
2.4259306458420675	6158.888771893575
2.4419458742317715	6144.629404326645
2.4580668301041695	6125.944966250156
2.474294211438729	6115.048550073835
2.4906287208227593	6092.9160020235795
2.507071065481827	6082.655504513238
2.5236219573103824	6063.253188321422
2.540282112902575	6048.8582334185
2.5570522535832843	6035.704361599451
2.5739331054393473	6018.254618615398
2.590925399350999	6000.677296302158
2.6080298710235135	5982.2068034075455
2.6252472610190605	5967.434703612094
2.6425783147887647	5946.726749327422
2.660023782704988	5932.456880148593
2.677584420093811	5911.75740758808
2.6952609872677376	5895.185052728603
2.7130542495586174	5877.6
2.7309649773507783	5862.464233715895
2.748993946114382	5842.6
2.7671419364389984	5826.452932714216
2.7854097340674073	5807.213974451233
2.8037981299296106	5785.219722985093
2.822307920177081	5762.441077112887
2.8409399062172334	5744.098594878925
2.8596948947481193	5719.9786274628805
2.878573697793358	5706.936261884677
2.8975771327372906	5689.997996620679
2.9167060223603753	5664.84291728221
2.9359611948748032	5652.553248950495
2.9553434839603625	5631.873445358752
2.9748537288005314	5610.966464835535
2.994492774118814	5585.9030190285675
3.0142614702153114	5565.353051810197
3.0341606730035373	5544.773122526634
3.0541912440474754	5522.622550398372
3.074354050598887	5493.256880334497
3.094649965634851	5480.900795006541
3.115079867895568	5453.963272380841
3.1356446419224033	5428.635168691609
3.156345178096185	5407.977691674711
3.177182372675754	5389.048728133082
3.198157127836769	5361.768888243076
3.2192703517107706	5339.227282980959
3.2405229584244943	5317.8126695534365
3.2619158681394516	5294.9223227932125
3.283450007091771	5266.3432751970795
3.3051263076322988	5240.509072410833
3.3269457082669684	5215.754626786084
3.34890915369743	5191.13359528898
3.371017594861962	5165.284733570466
3.3932719889766316	5141.195231380349
3.415673299576747	5115.529489016651
3.4382224965585704	5090.485233793247
3.460920556221315	5056.4523418897625
3.483768461309412	5031.225089562561
3.506767201055062	5006.643135175122
3.5299177712210614	4973.394202603834
3.5532211741439252	4946.5018184836645
3.5766784187772704	4918.446527587159
3.600290520735511	4891.643707480899
3.624058502337826	4860.990989509551
3.6479833926524217	4830.660745597041
3.6720662275410905	4797.910916145527
3.696308049704053	4772.314354369008
3.720709908725115	4736.377870159626
3.7452728611170962	4707.0
3.7699979703675837	4669.863393603226
3.7948863069849725	4644.187988212707
3.819938948544818	4602.801426421591
3.845156979736487	4570.3430891312455
3.8705414924101222	4537.288236439148
3.8960935856239236	4502.712063732482
3.921814365691719	4469.005143383903
3.9477049462308726	4432.246824808588
3.9737664482104997	4392.7081460246745
4.0	4356.263428710222
